-0.7369286364465175
-0.7471175890192221
-0.7471175890192221
-0.7573065415919302
-0.7573065415919302
-0.7776844467373465
-0.8082513044554709
-0.8184402570281755
-0.8490071147462999
-0.8795739724644243
-0.9101408301825451
-0.9203297827552532
-0.9203297827552532
-0.9305187353279614
-0.9407076879006695
-0.9305187353279614
-0.9610855930460858
-0.9712745456187903
-0.9814634981914985
-0.9712745456187903
-0.9508966404733776
-0.9101408301825451
-0.899951877609837
-0.8693850198917161
-0.859196067319008
-0.8388181621735917
-0.8388181621735917
-0.8184402570281755
-0.7980623518827628
-0.7573065415919302
-0.7471175890192221
-0.7369286364465175
-0.7165507313011013
-0.7267396838738094
-0.7267396838738094
-0.7165507313011013
-0.7369286364465175
-0.7267396838738094
-0.7165507313011013
-0.7063617787283931
-0.696172826155685
-0.6757949210102687
-0.655417015864856
-0.6350391107194397
-0.6248501581467316
-0.6146612055740235
-0.6146612055740235
-0.6248501581467316
-0.6044722530013154
-0.5739053952831945
-0.5840943478559026
-0.5433385375650701
-0.533149584992362
-0.492393774701533
-0.47201586955611674
-0.44144901183799234
-0.4516379644107005
-0.4516379644107005
-0.44144901183799234
-0.42107110669257963
-0.4108821541198715
-0.40069320154716337
-0.3803152964017471
-0.3803152964017471
-0.3803152964017471
-0.3803152964017471
-0.4108821541198715
-0.40069320154716337
-0.40069320154716337
-0.4108821541198715
-0.43126005926528777
-0.42107110669257963
-0.43126005926528777
-0.4108821541198715
-0.39050424897445524
-0.3803152964017471
-0.35993739125633084
-0.33955948611091813
-0.35993739125633084
-0.34974843868362626
-0.31918158096550187
-0.30899262839279373
-0.30899262839279373
-0.30899262839279373
-0.2988036758200856
-0.2988036758200856
-0.28861472324737747
-0.28861472324737747
-0.30899262839279373
-0.30899262839279373
-0.31918158096550187
-0.30899262839279373
-0.32937053353821
-0.32937053353821
-0.33955948611091813
-0.33955948611091813
-0.34974843868362626
-0.34974843868362626
-0.3803152964017471
-0.3803152964017471
-0.3803152964017471
-0.370126343829039
-0.3803152964017471
-0.370126343829039
-0.3803152964017471
-0.35993739125633084
-0.370126343829039
-0.3803152964017471
-0.3803152964017471
-0.39050424897445524
-0.39050424897445524
-0.4108821541198715
-0.4108821541198715
-0.4108821541198715
-0.40069320154716337
-0.40069320154716337
-0.3803152964017471
-0.39050424897445524
-0.3803152964017471
-0.3803152964017471
-0.370126343829039
-0.39050424897445524
-0.39050424897445524
-0.39050424897445524
-0.39050424897445524
-0.370126343829039
-0.370126343829039
-0.3803152964017471
-0.39050424897445524
-0.39050424897445524
-0.39050424897445524
-0.39050424897445524
-0.40069320154716337
-0.39050424897445524
-0.3803152964017471
-0.370126343829039
-0.3803152964017471
-0.35993739125633084
-0.35993739125633084
-0.34974843868362626
-0.35993739125633084
-0.33955948611091813
-0.30899262839279373
-0.26823681810196476
-0.2478589129565485
-0.2172920552384241
-0.18672519752030325
-0.166347292374887
-0.14596938722947073
-0.11540252951134988
-0.09502462436593362
-0.09502462436593362
-0.09502462436593362
-0.09502462436593362
-0.11540252951134988
-0.1357804346567626
-0.17653624494759512
-0.22748100781113223
-0.28861472324737747
-0.30899262839279373
-0.32937053353821
-0.34974843868362626
-0.370126343829039
-0.3803152964017471
-0.40069320154716337
-0.39050424897445524
-0.39050424897445524
-0.39050424897445524
-0.39050424897445524
-0.3803152964017471
-0.3803152964017471
-0.35993739125633084
-0.33955948611091813
-0.32937053353821
-0.31918158096550187
-0.2784257706746729
-0.2580478655292566
-0.22748100781113223
-0.2172920552384241
-0.18672519752030325
-0.15615833980217886
-0.1357804346567626
-0.09502462436593362
-0.06445776664780922
-0.04407986150239651
-0.013513003784272115
0.01705385393385228
0.02724280650655686
0.06799861679738939
0.08837652194280565
0.12913233223363463
0.15969918995175902
0.200455000242588
0.200455000242588
0.22083290538800426
0.27177766825154137
0.3125334785423739
0.34310033626049474
0.37366719397861914
0.40423405169674353
0.4348009094148644
0.4755567197056969
0.5163125299965259
0.5468793877146503
0.5774462454327711
0.6283910082963118
0.6589578660144326
0.7404694865960941
0.8117921546050475
0.8831148226140009
0.9136816803321217
0.9544374906229542
0.9544374906229542
0.9850043483410751
1.0563270163500356
1.1378386369316935
1.2295392100860632
1.341617688385849
1.4333182615402187
1.504640929549172
1.535207787267293
1.5250188346945812
1.5453967398399975
1.5555856924127092
1.58615255013083
1.6065304552762463
1.6269083604216625
1.6472862655670788
1.6472862655670788
1.6472862655670788
1.6167194078489509
1.5963415027035346
1.5657746449854137
1.5453967398399975
1.5250188346945812
1.4944519769764604
1.4638851192583395
1.423129308967507
1.3619955935312653
1.311050830667721
1.260106067804184
1.2499171152314794
1.2702950203768957
1.3212397832404328
1.3518066409585536
1.3925624512493862
1.4333182615402187
1.474074071831044
1.4842630244037558
1.4842630244037558
1.4638851192583395
1.4333182615402187
1.4027514038220907
1.3823734986766745
1.3518066409585536
1.3008618780950165
1.2397281626587677
1.178594447222526
1.1378386369316935
1.0665159689227401
1.015571206059203
0.9850043483410751
0.9136816803321217
0.85254796489588
0.7914142494596348
0.7404694865960941
0.689524723732557
0.6691468185871408
0.6487689134417245
0.6487689134417245
0.6385799608690199
0.6385799608690199
0.6487689134417245
0.6589578660144326
0.6691468185871408
0.6997136763052652
0.730280534023386
0.7404694865960941
0.7710363443142185
0.8117921546050475
0.8729258700412927
0.9136816803321217
0.9544374906229542
0.9748153957683705
0.9850043483410751
0.9951933009137868
1.0563270163500356
1.127649684358989
1.1684054946498144
1.1989723523679423
1.2091613049406469
1.2295392100860632
1.2499171152314794
1.260106067804184
1.2499171152314794
1.2499171152314794
1.2295392100860632
1.1887833997952306
1.1582165420771098
1.127649684358989
1.1072717792135727
1.0868938740681564
1.0868938740681564
1.0868938740681564
1.0767049214954447
1.0359491112046193
0.9544374906229542
0.8627369174685882
0.8016032020323394
0.7506584391688023
0.7404694865960941
0.7404694865960941
0.7608473917415104
0.7506584391688023
0.7404694865960941
0.689524723732557
0.6385799608690199
0.5774462454327711
0.526501482569234
0.4653677671329888
0.4348009094148644
0.42461195684215625
0.4144230042694481
0.40423405169674353
0.3940450991240354
0.37366719397861914
0.37366719397861914
0.3532892888332029
0.34310033626049474
0.32272243111508203
0.3125334785423739
0.30234452596966577
0.26158871567883324
0.2310218579607124
0.19026604766987987
0.16988814252446716
0.16988814252446716
0.18007709509717174
0.200455000242588
0.18007709509717174
0.19026604766987987
0.18007709509717174
0.18007709509717174
0.13932128480634276
0.09856547451551378
0.057809664224681256
-0.003324051211563983
-0.05426881407510109
-0.10521357693864175
-0.1357804346567626
-0.1969141500930114
-0.2478589129565485
-0.2784257706746729
-0.31918158096550187
-0.33955948611091813
-0.34974843868362626
-0.370126343829039
-0.43126005926528777
-0.4516379644107005
-0.5025827272742411
-0.5127716798469457
-0.5433385375650701
-0.5637164427104864
-0.5942833004286072
-0.6044722530013154
-0.6044722530013154
-0.5942833004286072
-0.5840943478559026
-0.5942833004286072
-0.6044722530013154
-0.6146612055740235
-0.6146612055740235
-0.6146612055740235
-0.6146612055740235
-0.6248501581467316
-0.6452280632921479
-0.6452280632921479
-0.655417015864856
-0.6350391107194397
-0.6350391107194397
-0.6452280632921479
-0.6452280632921479
-0.6350391107194397
-0.6350391107194397
-0.6350391107194397
-0.6248501581467316
-0.5942833004286072
-0.6044722530013154
-0.6350391107194397
-0.696172826155685
-0.7980623518827628
-0.899951877609837
-0.9712745456187903
-1.022219308482331
-1.022219308482331
-1.0120303559096229
-0.9814634981914985
-0.9814634981914985
-1.0120303559096229
-1.0425972136277473
-1.073164071345868
-1.0833530239185762
-1.0833530239185762
-1.0833530239185762
-1.0935419764912844
-1.0935419764912844
-1.06297511877316
-1.0425972136277473
-1.0120303559096229
-0.9712745456187903
-0.9407076879006695
-0.9203297827552532
-0.8693850198917161
-0.8082513044554709
-0.7267396838738094
-0.655417015864856
-0.5942833004286072
-0.5229606324196538
-0.4618269169834086
-0.40069320154716337
-0.28861472324737747
-0.1969141500930114
-0.09502462436593362
-0.03389090892968838
0.01705385393385228
0.057809664224681256
0.09856547451551378
0.1495102373790509
0.18007709509717174
0.21064395281529613
0.22083290538800426
0.24121081053342053
0.25139976310612866
0.24121081053342053
0.25139976310612866
0.25139976310612866
0.27177766825154137
0.27177766825154137
0.29215557339695764
0.29215557339695764
0.29215557339695764
0.27177766825154137
0.25139976310612866
0.25139976310612866
0.25139976310612866
0.24121081053342053
0.22083290538800426
0.21064395281529613
0.200455000242588
0.18007709509717174
0.16988814252446716
0.15969918995175902
0.15969918995175902
0.13932128480634276
0.13932128480634276
0.12913233223363463
0.13932128480634276
0.10875442708821836
0.10875442708821836
0.09856547451551378
0.09856547451551378
0.07818756937009752
0.06799861679738939
0.06799861679738939
0.09856547451551378
0.08837652194280565
0.06799861679738939
0.03743175907926499
0.006864901361144149
-0.023701956356980247
-0.023701956356980247
-0.03389090892968838
-0.04407986150239651
-0.06445776664780922
-0.06445776664780922
-0.08483567179322549
-0.10521357693864175
-0.11540252951134988
-0.14596938722947073
-0.166347292374887
-0.17653624494759512
-0.18672519752030325
-0.18672519752030325
-0.1969141500930114
-0.2172920552384241
-0.2580478655292566
-0.26823681810196476
-0.2988036758200856
-0.30899262839279373
-0.32937053353821
-0.34974843868362626
-0.39050424897445524
-0.40069320154716337
-0.4108821541198715
-0.42107110669257963
-0.43126005926528777
-0.44144901183799234
-0.4822048221288249
-0.5229606324196538
-0.5739053952831945
-0.6248501581467316
-0.6859838735829769
-0.7369286364465175
-0.7776844467373465
-0.7980623518827628
-0.8388181621735917
-0.8897629250371324
-0.9203297827552532
-0.9610855930460858
-0.9916524507642066
-1.0425972136277473
-1.0833530239185762
-1.1241088342094052
-1.1954315022183621
-1.2565652176546074
-1.3075099805181445
-1.3686436959543897
-1.439966363963343
-1.4909111268268838
-1.5418558896904209
-1.5622337948358371
-1.592800652553958
-1.6131785576993742
-1.6335564628447905
-1.6437454154174986
-1.6437454154174986
-1.6539343679902068
-1.6946901782810357
-1.7252570359991601
-1.7660128462899891
-1.7863907514354054
-1.8169576091535262
-1.8373355142989425
-1.8984692297351877
-1.9392250400260203
-1.9494139925987284
-1.9596029451714365
-1.9799808503168492
-1.969791897744141
-2.03092561318039
-2.1124372337620514
-2.1939488543437093
-2.234704664634542
-2.24489361720725
-2.2245157120618337
-2.1837599017710048
-2.1837599017710048
-2.24489361720725
-2.3365941903616196
-2.438483716088694
-2.560751146961188
-2.621884862397433
-2.6320738149701413
-2.611695909824725
-2.5913180046793087
-2.5913180046793087
-2.5913180046793087
-2.621884862397433
-2.6320738149701413
-2.652451720115554
-2.662640672688262
-2.6932075304063865
-2.6830185778336784
-2.6728296252609702
-2.6728296252609702
-2.652451720115554
-2.6320738149701413
-2.611695909824725
-2.570940099533896
-2.5505621943884798
-2.5301842892430635
-2.5301842892430635
-2.5301842892430635
-2.5505621943884798
-2.5505621943884798
-2.5505621943884798
-2.5505621943884798
-2.5505621943884798
-2.5403732418157716
-2.5301842892430635
-2.499617431524939
-2.499617431524939
-2.45886162123411
-2.448672668661402
-2.4282947635159857
-2.397727905797865
-2.3875389532251567
-2.3875389532251567
-2.3875389532251567
-2.3875389532251567
-2.3569720955070323
-2.3773500006524486
-2.3569720955070323
-2.3162162852162034
-2.24489361720725
-2.1939488543437093
-2.1531930440528804
-2.1124372337620514
-2.0513035183258026
-2.0003587554622655
-1.9494139925987284
-1.8984692297351877
-1.8271465617262344
-1.755823893717281
-1.7048791308537439
-1.6335564628447905
-1.5826116999812498
-1.5418558896904209
-1.4909111268268838
-1.4195884588179304
-1.3686436959543897
-1.3176989330908526
-1.2565652176546074
-1.2056204547910667
-1.1648646445002377
-1.1241088342094052
-1.0833530239185762
-1.0527861662004518
-1.0324082610550391
-1.0018414033369147
-0.9508966404733776
-0.9101408301825451
-0.859196067319008
-0.8286292096008836
-0.7878733993100546
-0.7573065415919302
-0.7369286364465175
-0.7063617787283931
-0.655417015864856
-0.6248501581467316
-0.5739053952831945
-0.5433385375650701
-0.5025827272742411
-0.47201586955611674
-0.4516379644107005
-0.40069320154716337
-0.35993739125633084
-0.32937053353821
-0.28861472324737747
-0.22748100781113223
-0.15615833980217886
-0.12559148208405801
-0.08483567179322549
-0.04407986150239651
0.006864901361144149
0.047620711651973124
0.09856547451551378
0.12913233223363463
0.15969918995175902
0.200455000242588
0.27177766825154137
0.33291138368779016
0.40423405169674353
0.4755567197056969
0.5366904351419421
0.6080131031508955
0.6487689134417245
0.730280534023386
0.7914142494596348
0.8321700597504638
0.8933037751867126
0.9136816803321217
0.9544374906229542
0.9850043483410751
1.0359491112046193
1.0767049214954447
1.1174607317862773
1.178594447222526
1.2193502575133515
1.2702950203768957
1.3008618780950165
1.3008618780950165
1.311050830667721
1.3212397832404328
1.341617688385849
1.3518066409585536
1.3619955935312653
1.3518066409585536
1.341617688385849
1.341617688385849
1.3619955935312653
1.3823734986766745
1.4027514038220907
1.4129403563948024
1.4333182615402187
1.423129308967507
1.423129308967507
1.423129308967507
1.4129403563948024
1.3925624512493862
1.3925624512493862
1.4027514038220907
1.4027514038220907
1.423129308967507
1.474074071831044
1.4944519769764604
1.5148298821218766
1.504640929549172
1.4638851192583395
1.4129403563948024
1.3823734986766745
1.3925624512493862
1.4638851192583395
1.5555856924127092
1.6472862655670788
1.698231028430616
1.7287978861487368
1.7084199810033205
1.698231028430616
1.7287978861487368
1.7899316015849855
1.8714432221666435
1.9427658901755969
2.0038996056118457
2.0344664633299665
2.024277510757262
1.993710653039134
1.9733327478937248
1.9427658901755969
1.912199032457476
1.8714432221666435
1.8510653170212272
1.8510653170212272
1.830687411875811
1.8408763644485227
1.8204984593031064
1.830687411875811
1.861254269593939
1.8918211273120598
1.9020100798847643
1.9223879850301806
1.912199032457476
1.9020100798847643
1.861254269593939
1.8001205541576901
1.7186089335760322
1.6472862655670788
1.5657746449854137
1.5148298821218766
1.474074071831044
1.4638851192583395
1.474074071831044
1.4842630244037558
1.504640929549172
1.5453967398399975
1.5657746449854137
1.5759635975581254
1.5657746449854137
1.5250188346945812
1.504640929549172
1.474074071831044
1.4435072141129233
1.423129308967507
1.423129308967507
1.4333182615402187
1.4435072141129233
1.4536961666856278
1.4435072141129233
1.4435072141129233
1.4333182615402187
1.423129308967507
1.4129403563948024
1.4027514038220907
1.4027514038220907
1.3925624512493862
1.3619955935312653
1.341617688385849
1.3314287358131374
1.3314287358131374
1.3008618780950165
1.2804839729496003
1.260106067804184
1.2295392100860632
1.2193502575133515
1.2397281626587677
1.2295392100860632
1.2295392100860632
1.1989723523679423
1.1582165420771098
1.1174607317862773
1.097082826640861
1.1072717792135727
1.127649684358989
1.127649684358989
1.127649684358989
1.127649684358989
1.1072717792135727
1.0767049214954447
1.0563270163500356
1.015571206059203
0.9850043483410751
0.9544374906229542
0.9136816803321217
0.9034927277594171
0.8627369174685882
0.8321700597504638
0.8117921546050475
0.7608473917415104
0.730280534023386
0.6691468185871408
0.6283910082963118
0.5876351980054793
0.5468793877146503
0.526501482569234
0.5061235774238177
0.48574567227840504
0.48574567227840504
0.4755567197056969
0.4449898619875725
0.40423405169674353
0.38385614655132727
0.3532892888332029
0.33291138368779016
0.32272243111508203
0.29215557339695764
0.25139976310612866
0.2310218579607124
0.21064395281529613
0.18007709509717174
0.18007709509717174
0.15969918995175902
0.1495102373790509
0.1189433796609265
0.08837652194280565
0.057809664224681256
0.047620711651973124
0.006864901361144149
-0.003324051211563983
-0.03389090892968838
-0.06445776664780922
-0.07464671922051735
-0.10521357693864175
-0.1357804346567626
-0.14596938722947073
-0.166347292374887
-0.166347292374887
-0.17653624494759512
-0.18672519752030325
-0.1969141500930114
-0.20710310266571597
-0.22748100781113223
-0.23766996038384036
-0.2478589129565485
-0.26823681810196476
-0.26823681810196476
-0.26823681810196476
-0.26823681810196476
-0.26823681810196476
-0.28861472324737747
-0.28861472324737747
-0.30899262839279373
-0.30899262839279373
-0.32937053353821
-0.32937053353821
-0.34974843868362626
-0.32937053353821
-0.32937053353821
-0.33955948611091813
-0.34974843868362626
-0.33955948611091813
-0.370126343829039
-0.39050424897445524
-0.40069320154716337
-0.39050424897445524
-0.4108821541198715
-0.4108821541198715
-0.42107110669257963
-0.43126005926528777
-0.43126005926528777
-0.43126005926528777
-0.4516379644107005
-0.44144901183799234
-0.4516379644107005
-0.44144901183799234
-0.4618269169834086
-0.4822048221288249
-0.4822048221288249
-0.4822048221288249
-0.492393774701533
-0.492393774701533
-0.47201586955611674
-0.4516379644107005
-0.47201586955611674
-0.4822048221288249
-0.5127716798469457
-0.5127716798469457
-0.5229606324196538
-0.5433385375650701
-0.5739053952831945
-0.5840943478559026
-0.5942833004286072
-0.5840943478559026
-0.6044722530013154
-0.6044722530013154
-0.6044722530013154
-0.6044722530013154
-0.6044722530013154
-0.5942833004286072
-0.6146612055740235
-0.6044722530013154
-0.6146612055740235
-0.6146612055740235
-0.6350391107194397
-0.6452280632921479
-0.6452280632921479
-0.655417015864856
-0.655417015864856
-0.6350391107194397
-0.6248501581467316
-0.6044722530013154
-0.5739053952831945
-0.5433385375650701
-0.5127716798469457
-0.4822048221288249
-0.4618269169834086
-0.43126005926528777
-0.43126005926528777
-0.4108821541198715
-0.40069320154716337
-0.39050424897445524
-0.40069320154716337
-0.39050424897445524
-0.39050424897445524
-0.40069320154716337
-0.4108821541198715
-0.43126005926528777
-0.44144901183799234
-0.4516379644107005
-0.4516379644107005
-0.4516379644107005
-0.4516379644107005
-0.44144901183799234
-0.43126005926528777
-0.42107110669257963
-0.40069320154716337
-0.34974843868362626
-0.34974843868362626
-0.35993739125633084
-0.370126343829039
-0.40069320154716337
-0.4108821541198715
-0.4108821541198715
-0.40069320154716337
-0.3803152964017471
-0.33955948611091813
-0.28861472324737747
-0.28861472324737747
-0.2478589129565485
-0.23766996038384036
-0.22748100781113223
-0.20710310266571597
-0.18672519752030325
-0.18672519752030325
-0.17653624494759512
-0.17653624494759512
-0.17653624494759512
-0.166347292374887
-0.166347292374887
-0.15615833980217886
-0.12559148208405801
-0.11540252951134988
-0.08483567179322549
-0.08483567179322549
-0.07464671922051735
-0.08483567179322549
-0.06445776664780922
-0.07464671922051735
-0.07464671922051735
-0.08483567179322549
-0.07464671922051735
-0.07464671922051735
-0.05426881407510109
-0.06445776664780922
-0.06445776664780922
-0.07464671922051735
-0.07464671922051735
-0.08483567179322549
-0.08483567179322549
-0.10521357693864175
-0.12559148208405801
-0.1357804346567626
-0.15615833980217886
-0.166347292374887
-0.17653624494759512
-0.1969141500930114
-0.23766996038384036
-0.2784257706746729
-0.30899262839279373
-0.35993739125633084
-0.40069320154716337
-0.4618269169834086
-0.5025827272742411
-0.5535274901377782
-0.5942833004286072
-0.6350391107194397
-0.6656059684375606
-0.7165507313011013
-0.7573065415919302
-0.8184402570281755
-0.8490071147462999
-0.8897629250371324
-0.9305187353279614
-0.9814634981914985
-1.022219308482331
-1.0425972136277473
-1.1037309290639925
-1.1342977867821133
-1.1546756919275296
-1.2056204547910667
-1.225998359936483
-1.2973210279454364
-1.389021601099806
-1.501100079399592
-1.5622337948358371
-1.5826116999812498
-1.5724227474085453
-1.5418558896904209
-1.5112890319722965
-1.5214779845450046
-1.5724227474085453
-1.6437454154174986
-1.6845012257083276
-1.7252570359991601
-1.7456349411445728
-1.7456349411445728
-1.7252570359991601
-1.7048791308537439
-1.6743122731356195
-1.6641233205629113
-1.6641233205629113
-1.6743122731356195
-1.6946901782810357
-1.7048791308537439
-1.7048791308537439
-1.7354459885718647
-1.755823893717281
-1.7762017988626972
-1.7863907514354054
-1.7762017988626972
-1.715068083426452
-1.6743122731356195
-1.6335564628447905
-1.5826116999812498
-1.5418558896904209
-1.5214779845450046
-1.5112890319722965
-1.5316669371177127
-1.5316669371177127
-1.552044842263129
-1.5622337948358371
-1.5622337948358371
-1.552044842263129
-1.5316669371177127
-1.501100079399592
-1.4603442691087594
-1.4195884588179304
-1.3686436959543897
-1.3176989330908526
-1.2871320753727282
-1.2463762650818992
-1.2056204547910667
-1.1750535970729459
-1.1241088342094052
-1.073164071345868
-1.0425972136277473
-1.0018414033369147
-0.9712745456187903
-0.899951877609837
-0.8693850198917161
-0.8184402570281755
-0.7674954941646384
-0.7063617787283931
-0.6656059684375606
-0.6146612055740235
-0.5739053952831945
-0.5127716798469457
-0.47201586955611674
-0.4108821541198715
-0.370126343829039
-0.28861472324737747
-0.18672519752030325
-0.10521357693864175
-0.07464671922051735
-0.07464671922051735
-0.11540252951134988
-0.12559148208405801
-0.09502462436593362
-0.003324051211563983
0.09856547451551378
0.18007709509717174
0.25139976310612866
0.29215557339695764
0.30234452596966577
0.30234452596966577
0.32272243111508203
0.34310033626049474
0.37366719397861914
0.38385614655132727
0.40423405169674353
0.42461195684215625
0.42461195684215625
0.45517881456028064
0.45517881456028064
0.4653677671329888
0.4959346248511096
0.526501482569234
0.5570683402873584
0.6182020557236036
0.6385799608690199
0.6691468185871408
0.7404694865960941
0.8219811071777556
0.9136816803321217
1.0053822534864914
1.0767049214954447
1.1582165420771098
1.2091613049406469
1.2397281626587677
1.2397281626587677
1.2397281626587677
1.2397281626587677
1.2499171152314794
1.2499171152314794
1.260106067804184
1.260106067804184
1.260106067804184
1.260106067804184
1.260106067804184
1.2499171152314794
1.260106067804184
1.2499171152314794
1.2499171152314794
1.2397281626587677
1.2499171152314794
1.2499171152314794
1.2702950203768957
1.2906729255223048
1.3008618780950165
1.3008618780950165
1.341617688385849
1.341617688385849
1.3518066409585536
1.341617688385849
1.3212397832404328
1.311050830667721
1.2906729255223048
1.2804839729496003
1.2702950203768957
1.260106067804184
1.311050830667721
1.311050830667721
1.311050830667721
1.260106067804184
1.2193502575133515
1.178594447222526
1.1582165420771098
1.148027589504398
1.127649684358989
1.1174607317862773
1.1072717792135727
1.0767049214954447
1.0461380637773239
1.0257601586319076
1.0053822534864914
0.9850043483410751
0.9442485380502497
0.9238706329048334
0.9034927277594171
0.8831148226140009
0.8729258700412927
0.85254796489588
0.8321700597504638
0.7914142494596348
0.7710363443142185
0.7608473917415104
0.7608473917415104
0.7200915814506779
0.7099026288779733
0.6793357711598489
0.6691468185871408
0.6487689134417245
0.6691468185871408
0.6589578660144326
0.6691468185871408
0.6589578660144326
0.6487689134417245
0.6385799608690199
0.6182020557236036
0.6080131031508955
0.6080131031508955
0.5876351980054793
0.5774462454327711
0.5366904351419421
0.5061235774238177
0.4755567197056969
0.45517881456028064
0.4449898619875725
0.4348009094148644
0.4348009094148644
0.4348009094148644
0.42461195684215625
0.4144230042694481
0.4144230042694481
0.40423405169674353
0.40423405169674353
0.40423405169674353
0.38385614655132727
0.38385614655132727
0.38385614655132727
0.38385614655132727
0.3940450991240354
0.40423405169674353
0.37366719397861914
0.37366719397861914
0.363478241405911
0.37366719397861914
0.38385614655132727
0.38385614655132727
0.38385614655132727
0.37366719397861914
0.3532892888332029
0.34310033626049474
0.34310033626049474
0.32272243111508203
0.30234452596966577
0.32272243111508203
0.3125334785423739
0.34310033626049474
0.363478241405911
0.363478241405911
0.3532892888332029
0.3532892888332029
0.34310033626049474
0.34310033626049474
0.32272243111508203
0.32272243111508203
0.30234452596966577
0.2819666208242495
0.26158871567883324
0.26158871567883324
0.27177766825154137
0.27177766825154137
0.2819666208242495
0.26158871567883324
0.25139976310612866
0.25139976310612866
0.25139976310612866
0.24121081053342053
0.22083290538800426
0.22083290538800426
0.200455000242588
0.16988814252446716
0.1495102373790509
0.12913233223363463
0.08837652194280565
0.06799861679738939
0.02724280650655686
0.02724280650655686
0.006864901361144149
0.006864901361144149
-0.013513003784272115
-0.013513003784272115
-0.023701956356980247
-0.03389090892968838
-0.04407986150239651
-0.06445776664780922
-0.08483567179322549
-0.08483567179322549
-0.11540252951134988
-0.11540252951134988
-0.12559148208405801
-0.1357804346567626
-0.15615833980217886
-0.166347292374887
-0.17653624494759512
-0.166347292374887
-0.17653624494759512
-0.166347292374887
-0.15615833980217886
-0.14596938722947073
-0.15615833980217886
-0.166347292374887
-0.15615833980217886
-0.15615833980217886
-0.15615833980217886
-0.17653624494759512
-0.18672519752030325
-0.1969141500930114
-0.22748100781113223
-0.2478589129565485
-0.26823681810196476
-0.30899262839279373
-0.32937053353821
-0.39050424897445524
-0.43126005926528777
-0.47201586955611674
-0.4822048221288249
-0.47201586955611674
-0.4618269169834086
-0.47201586955611674
-0.5229606324196538
-0.5840943478559026
-0.6452280632921479
-0.7063617787283931
-0.7165507313011013
-0.6859838735829769
-0.655417015864856
-0.6248501581467316
-0.6248501581467316
-0.6350391107194397
-0.6757949210102687
-0.6757949210102687
-0.6859838735829769
-0.6859838735829769
-0.6656059684375606
-0.6452280632921479
-0.6248501581467316
-0.6248501581467316
-0.6044722530013154
-0.5942833004286072
-0.6044722530013154
-0.5942833004286072
-0.5840943478559026
-0.5637164427104864
-0.5637164427104864
-0.5637164427104864
-0.5739053952831945
-0.5840943478559026
-0.5739053952831945
-0.5739053952831945
-0.5535274901377782
-0.533149584992362
-0.5127716798469457
-0.492393774701533
-0.4822048221288249
-0.44144901183799234
-0.40069320154716337
-0.39050424897445524
-0.34974843868362626
-0.33955948611091813
-0.34974843868362626
-0.370126343829039
-0.370126343829039
-0.370126343829039
-0.39050424897445524
-0.40069320154716337
-0.3803152964017471
-0.35993739125633084
-0.34974843868362626
-0.32937053353821
-0.32937053353821
-0.31918158096550187
-0.32937053353821
-0.33955948611091813
-0.34974843868362626
-0.34974843868362626
-0.35993739125633084
-0.3803152964017471
-0.4108821541198715
-0.42107110669257963
-0.44144901183799234
-0.43126005926528777
-0.4516379644107005
-0.4516379644107005
-0.4516379644107005
-0.4516379644107005
-0.47201586955611674
-0.47201586955611674
-0.47201586955611674
-0.47201586955611674
-0.4618269169834086
-0.4516379644107005
-0.4516379644107005
-0.43126005926528777
-0.40069320154716337
-0.40069320154716337
-0.39050424897445524
-0.3803152964017471
-0.3803152964017471
-0.370126343829039
-0.35993739125633084
-0.35993739125633084
-0.31918158096550187
-0.32937053353821
-0.34974843868362626
-0.39050424897445524
-0.39050424897445524
-0.34974843868362626
-0.26823681810196476
-0.20710310266571597
-0.1969141500930114
-0.23766996038384036
-0.31918158096550187
-0.4108821541198715
-0.4618269169834086
-0.4618269169834086
-0.4108821541198715
-0.32937053353821
-0.26823681810196476
-0.2478589129565485
-0.23766996038384036
-0.26823681810196476
-0.2580478655292566
-0.2580478655292566
-0.23766996038384036
-0.2478589129565485
-0.20710310266571597
-0.17653624494759512
-0.15615833980217886
-0.14596938722947073
-0.11540252951134988
-0.08483567179322549
-0.05426881407510109
-0.03389090892968838
-0.04407986150239651
-0.07464671922051735
-0.08483567179322549
-0.1357804346567626
-0.18672519752030325
-0.23766996038384036
-0.2988036758200856
-0.35993739125633084
-0.4108821541198715
-0.4516379644107005
-0.4822048221288249
-0.5025827272742411
-0.5229606324196538
-0.5535274901377782
-0.5739053952831945
-0.6044722530013154
-0.6248501581467316
-0.655417015864856
-0.6757949210102687
-0.7165507313011013
-0.7165507313011013
-0.7165507313011013
-0.6757949210102687
-0.6350391107194397
-0.6044722530013154
-0.5739053952831945
-0.5535274901377782
-0.5433385375650701
-0.5127716798469457
-0.492393774701533
-0.44144901183799234
-0.40069320154716337
-0.35993739125633084
-0.32937053353821
-0.2784257706746729
-0.23766996038384036
-0.20710310266571597
-0.166347292374887
-0.1357804346567626
-0.10521357693864175
-0.07464671922051735
-0.04407986150239651
-0.013513003784272115
-0.003324051211563983
0.01705385393385228
0.02724280650655686
0.02724280650655686
0.02724280650655686
0.03743175907926499
0.03743175907926499
0.02724280650655686
0.02724280650655686
0.006864901361144149
-0.05426881407510109
-0.11540252951134988
-0.18672519752030325
-0.22748100781113223
-0.20710310266571597
-0.166347292374887
-0.17653624494759512
-0.166347292374887
-0.20710310266571597
-0.26823681810196476
-0.31918158096550187
-0.32937053353821
-0.33955948611091813
-0.2988036758200856
-0.2580478655292566
-0.23766996038384036
-0.22748100781113223
-0.22748100781113223
-0.22748100781113223
-0.23766996038384036
-0.23766996038384036
-0.22748100781113223
-0.20710310266571597
-0.22748100781113223
-0.22748100781113223
-0.2172920552384241
-0.22748100781113223
-0.20710310266571597
-0.18672519752030325
-0.17653624494759512
-0.18672519752030325
-0.2172920552384241
-0.2580478655292566
-0.2988036758200856
-0.34974843868362626
-0.4108821541198715
-0.4516379644107005
-0.492393774701533
-0.5127716798469457
-0.5127716798469457
-0.5025827272742411
-0.5025827272742411
-0.5025827272742411
-0.4822048221288249
-0.47201586955611674
-0.47201586955611674
-0.4618269169834086
-0.4516379644107005
-0.4618269169834086
-0.4516379644107005
-0.4516379644107005
-0.4516379644107005
-0.44144901183799234
-0.4108821541198715
-0.40069320154716337
-0.3803152964017471
-0.370126343829039
-0.32937053353821
-0.30899262839279373
-0.28861472324737747
-0.2580478655292566
-0.2580478655292566
-0.2478589129565485
-0.22748100781113223
-0.22748100781113223
-0.2172920552384241
-0.20710310266571597
-0.20710310266571597
-0.20710310266571597
-0.20710310266571597
-0.2172920552384241
-0.1969141500930114
-0.18672519752030325
-0.1969141500930114
-0.20710310266571597
-0.1969141500930114
-0.20710310266571597
-0.20710310266571597
-0.20710310266571597
-0.20710310266571597
-0.1969141500930114
-0.18672519752030325
-0.20710310266571597
-0.2172920552384241
-0.20710310266571597
-0.2172920552384241
-0.20710310266571597
-0.18672519752030325
-0.1969141500930114
-0.17653624494759512
-0.15615833980217886
-0.14596938722947073
-0.10521357693864175
-0.06445776664780922
-0.05426881407510109
-0.05426881407510109
-0.04407986150239651
-0.05426881407510109
-0.06445776664780922
-0.05426881407510109
-0.05426881407510109
-0.023701956356980247
-0.003324051211563983
0.02724280650655686
0.03743175907926499
0.03743175907926499
0.057809664224681256
0.06799861679738939
0.07818756937009752
0.10875442708821836
0.12913233223363463
0.1495102373790509
0.16988814252446716
0.18007709509717174
0.19026604766987987
0.21064395281529613
0.2310218579607124
0.25139976310612866
0.25139976310612866
0.27177766825154137
0.30234452596966577
0.34310033626049474
0.34310033626049474
0.37366719397861914
0.40423405169674353
0.42461195684215625
0.45517881456028064
0.4755567197056969
0.48574567227840504
0.4959346248511096
0.5163125299965259
0.5061235774238177
0.4959346248511096
0.4959346248511096
0.4959346248511096
0.4959346248511096
0.4959346248511096
0.5061235774238177
0.5061235774238177
0.5061235774238177
0.5163125299965259
0.5163125299965259
0.5163125299965259
0.5366904351419421
0.5061235774238177
0.5163125299965259
0.5163125299965259
0.5061235774238177
0.48574567227840504
0.48574567227840504
0.45517881456028064
0.45517881456028064
0.4348009094148644
0.4348009094148644
0.4348009094148644
0.4449898619875725
0.42461195684215625
0.4348009094148644
0.42461195684215625
0.4144230042694481
0.40423405169674353
0.40423405169674353
0.40423405169674353
0.40423405169674353
0.40423405169674353
0.3940450991240354
0.37366719397861914
0.38385614655132727
0.38385614655132727
0.38385614655132727
0.37366719397861914
0.38385614655132727
0.37366719397861914
0.37366719397861914
0.3940450991240354
0.38385614655132727
0.3940450991240354
0.3940450991240354
0.40423405169674353
0.4144230042694481
0.42461195684215625
0.40423405169674353
0.38385614655132727
0.37366719397861914
0.34310033626049474
0.34310033626049474
0.363478241405911
0.37366719397861914
0.363478241405911
0.37366719397861914
0.37366719397861914
0.38385614655132727
0.37366719397861914
0.38385614655132727
0.38385614655132727
0.38385614655132727
0.363478241405911
0.363478241405911
0.363478241405911
0.3532892888332029
0.3532892888332029
0.363478241405911
0.37366719397861914
0.3940450991240354
0.3940450991240354
0.38385614655132727
0.3940450991240354
0.38385614655132727
0.37366719397861914
0.37366719397861914
0.3532892888332029
0.363478241405911
0.363478241405911
0.38385614655132727
0.38385614655132727
0.3940450991240354
0.3940450991240354
0.3940450991240354
0.3940450991240354
0.40423405169674353
0.3940450991240354
0.40423405169674353
0.40423405169674353
0.38385614655132727
0.38385614655132727
0.38385614655132727
0.3940450991240354
0.38385614655132727
0.37366719397861914
0.38385614655132727
0.38385614655132727
0.37366719397861914
0.3532892888332029
0.37366719397861914
0.37366719397861914
0.37366719397861914
0.363478241405911
0.37366719397861914
0.3532892888332029
0.34310033626049474
0.33291138368779016
0.32272243111508203
0.30234452596966577
0.30234452596966577
0.2819666208242495
0.2819666208242495
0.27177766825154137
0.26158871567883324
0.24121081053342053
0.24121081053342053
0.22083290538800426
0.22083290538800426
0.21064395281529613
0.18007709509717174
0.16988814252446716
0.15969918995175902
0.13932128480634276
0.13932128480634276
0.13932128480634276
0.15969918995175902
0.19026604766987987
0.22083290538800426
0.22083290538800426
0.22083290538800426
0.21064395281529613
0.22083290538800426
0.21064395281529613
0.200455000242588
0.18007709509717174
0.18007709509717174
0.16988814252446716
0.16988814252446716
0.16988814252446716
0.16988814252446716
0.16988814252446716
0.18007709509717174
0.18007709509717174
0.19026604766987987
0.200455000242588
0.200455000242588
0.200455000242588
0.22083290538800426
0.21064395281529613
0.2310218579607124
0.22083290538800426
0.22083290538800426
0.22083290538800426
0.25139976310612866
0.22083290538800426
0.200455000242588
0.18007709509717174
0.16988814252446716
0.16988814252446716
0.18007709509717174
0.15969918995175902
0.15969918995175902
0.1495102373790509
0.1495102373790509
0.12913233223363463
0.12913233223363463
0.10875442708821836
0.1189433796609265
0.09856547451551378
0.10875442708821836
0.1189433796609265
0.12913233223363463
0.12913233223363463
0.1189433796609265
0.10875442708821836
0.10875442708821836
0.1189433796609265
0.12913233223363463
0.12913233223363463
0.12913233223363463
0.1495102373790509
0.13932128480634276
0.13932128480634276
0.12913233223363463
0.12913233223363463
0.1495102373790509
0.13932128480634276
0.13932128480634276
0.1495102373790509
0.15969918995175902
0.16988814252446716
0.18007709509717174
0.18007709509717174
0.19026604766987987
0.21064395281529613
0.21064395281529613
0.200455000242588
0.21064395281529613
0.21064395281529613
0.200455000242588
0.22083290538800426
0.22083290538800426
0.24121081053342053
0.26158871567883324
0.26158871567883324
0.27177766825154137
0.30234452596966577
0.34310033626049474
0.3532892888332029
0.37366719397861914
0.37366719397861914
0.38385614655132727
0.3940450991240354
0.3940450991240354
0.3940450991240354
0.3940450991240354
0.3940450991240354
0.3940450991240354
0.3940450991240354
0.40423405169674353
0.38385614655132727
0.38385614655132727
0.38385614655132727
0.3940450991240354
0.3940450991240354
0.3940450991240354
0.40423405169674353
0.40423405169674353
0.3940450991240354
0.3940450991240354
0.40423405169674353
0.38385614655132727
0.38385614655132727
0.38385614655132727
0.3940450991240354
0.40423405169674353
0.40423405169674353
0.42461195684215625
0.4348009094148644
0.4449898619875725
0.42461195684215625
0.42461195684215625
0.42461195684215625
0.4348009094148644
0.4144230042694481
0.40423405169674353
0.3940450991240354
0.3940450991240354
0.40423405169674353
0.38385614655132727
0.37366719397861914
0.3532892888332029
0.37366719397861914
0.363478241405911
0.363478241405911
0.37366719397861914
0.37366719397861914
0.363478241405911
0.363478241405911
0.363478241405911
0.37366719397861914
0.3532892888332029
0.33291138368779016
0.34310033626049474
0.3532892888332029
0.34310033626049474
0.33291138368779016
0.33291138368779016
0.3125334785423739
0.33291138368779016
0.3125334785423739
0.32272243111508203
0.3125334785423739
0.30234452596966577
0.2819666208242495
0.25139976310612866
0.2310218579607124
0.2310218579607124
0.24121081053342053
0.27177766825154137
0.26158871567883324
0.26158871567883324
0.24121081053342053
0.22083290538800426
0.200455000242588
0.18007709509717174
0.18007709509717174
0.18007709509717174
0.19026604766987987
0.200455000242588
0.21064395281529613
0.200455000242588
0.19026604766987987
0.18007709509717174
0.16988814252446716
0.18007709509717174
0.18007709509717174
0.16988814252446716
0.15969918995175902
0.1495102373790509
0.13932128480634276
0.13932128480634276
0.13932128480634276
0.15969918995175902
0.18007709509717174
0.18007709509717174
0.16988814252446716
0.18007709509717174
0.15969918995175902
0.13932128480634276
0.1495102373790509
0.1495102373790509
0.16988814252446716
0.16988814252446716
0.16988814252446716
0.18007709509717174
0.18007709509717174
0.18007709509717174
0.16988814252446716
0.16988814252446716
0.16988814252446716
0.18007709509717174
0.19026604766987987
0.200455000242588
0.18007709509717174
0.19026604766987987
0.18007709509717174
0.200455000242588
0.19026604766987987
0.18007709509717174
0.18007709509717174
0.18007709509717174
0.18007709509717174
0.19026604766987987
0.19026604766987987
0.19026604766987987
0.200455000242588
0.200455000242588
0.200455000242588
0.21064395281529613
0.21064395281529613
0.200455000242588
0.21064395281529613
0.21064395281529613
0.21064395281529613
0.21064395281529613
0.21064395281529613
0.22083290538800426
0.21064395281529613
0.200455000242588
0.18007709509717174
0.18007709509717174
0.19026604766987987
0.21064395281529613
0.24121081053342053
0.25139976310612866
0.25139976310612866
0.26158871567883324
0.26158871567883324
0.27177766825154137
0.2819666208242495
0.32272243111508203
0.37366719397861914
0.4144230042694481
0.4144230042694481
0.42461195684215625
0.42461195684215625
0.40423405169674353
0.3940450991240354
0.38385614655132727
0.38385614655132727
0.3940450991240354
0.42461195684215625
0.4449898619875725
0.4449898619875725
0.4449898619875725
0.4449898619875725
0.45517881456028064
0.4755567197056969
0.48574567227840504
0.4755567197056969
0.4653677671329888
0.4653677671329888
0.4653677671329888
0.48574567227840504
0.5061235774238177
0.5570683402873584
0.5978241505781874
0.6589578660144326
0.6997136763052652
0.7608473917415104
0.7914142494596348
0.8219811071777556
0.85254796489588
0.8831148226140009
0.8933037751867126
0.9136816803321217
0.934059585477538
0.9544374906229542
0.9646264431956659
0.9951933009137868
1.015571206059203
1.0563270163500356
1.0767049214954447
1.1174607317862773
1.127649684358989
1.148027589504398
1.148027589504398
1.1378386369316935
1.1582165420771098
1.1582165420771098
1.148027589504398
1.127649684358989
1.127649684358989
1.127649684358989
1.127649684358989
1.1174607317862773
1.0868938740681564
1.0868938740681564
1.0665159689227401
1.0563270163500356
1.0359491112046193
1.015571206059203
1.0257601586319076
1.0053822534864914
0.9951933009137868
0.9850043483410751
0.9748153957683705
0.9850043483410751
0.9951933009137868
1.015571206059203
1.0257601586319076
1.0053822534864914
0.9544374906229542
0.9238706329048334
0.9136816803321217
0.9136816803321217
0.9748153957683705
1.015571206059203
1.0461380637773239
1.015571206059203
0.9748153957683705
0.9544374906229542
0.9442485380502497
0.9034927277594171
0.8729258700412927
0.8627369174685882
0.8831148226140009
0.8933037751867126
0.8933037751867126
0.8729258700412927
0.8423590123231719
0.8219811071777556
0.8219811071777556
0.8117921546050475
0.7812252968869267
0.7608473917415104
0.7710363443142185
0.7812252968869267
0.7914142494596348
0.8117921546050475
0.8321700597504638
0.8627369174685882
0.85254796489588
0.8627369174685882
0.8627369174685882
0.8627369174685882
0.85254796489588
0.8321700597504638
0.7914142494596348
0.7506584391688023
0.730280534023386
0.6793357711598489
0.6487689134417245
0.5774462454327711
0.5468793877146503
0.5061235774238177
0.4755567197056969
0.4755567197056969
0.45517881456028064
0.45517881456028064
0.4449898619875725
0.4144230042694481
0.4144230042694481
0.40423405169674353
0.363478241405911
0.3532892888332029
0.32272243111508203
0.30234452596966577
0.2819666208242495
0.27177766825154137
0.27177766825154137
0.2819666208242495
0.30234452596966577
0.32272243111508203
0.34310033626049474
0.33291138368779016
0.33291138368779016
0.3532892888332029
0.363478241405911
0.3940450991240354
0.4144230042694481
0.45517881456028064
0.4755567197056969
0.4959346248511096
0.5163125299965259
0.526501482569234
0.5366904351419421
0.5366904351419421
0.5163125299965259
0.526501482569234
0.567257292860063
0.5876351980054793
0.5876351980054793
0.5468793877146503
0.4755567197056969
0.4144230042694481
0.38385614655132727
0.40423405169674353
0.42461195684215625
0.4653677671329888
0.4755567197056969
0.4653677671329888
0.42461195684215625
0.37366719397861914
0.32272243111508203
0.27177766825154137
0.26158871567883324
0.24121081053342053
0.25139976310612866
0.25139976310612866
0.2310218579607124
0.21064395281529613
0.18007709509717174
0.1495102373790509
0.13932128480634276
0.15969918995175902
0.15969918995175902
0.15969918995175902
0.12913233223363463
0.13932128480634276
0.13932128480634276
0.18007709509717174
0.200455000242588
0.22083290538800426
0.25139976310612866
0.29215557339695764
0.34310033626049474
0.37366719397861914
0.37366719397861914
0.3940450991240354
0.38385614655132727
0.38385614655132727
0.3532892888332029
0.37366719397861914
0.363478241405911
0.363478241405911
0.363478241405911
0.37366719397861914
0.40423405169674353
0.42461195684215625
0.42461195684215625
0.4348009094148644
0.42461195684215625
0.42461195684215625
0.42461195684215625
0.40423405169674353
0.363478241405911
0.33291138368779016
0.30234452596966577
0.26158871567883324
0.21064395281529613
0.18007709509717174
0.13932128480634276
0.08837652194280565
0.057809664224681256
0.01705385393385228
-0.013513003784272115
-0.03389090892968838
-0.04407986150239651
-0.05426881407510109
-0.08483567179322549
-0.08483567179322549
-0.08483567179322549
-0.11540252951134988
-0.1357804346567626
-0.1357804346567626
-0.1357804346567626
-0.166347292374887
-0.18672519752030325
-0.20710310266571597
-0.23766996038384036
-0.26823681810196476
-0.2580478655292566
-0.26823681810196476
-0.2478589129565485
-0.2580478655292566
-0.2988036758200856
-0.35993739125633084
-0.35993739125633084
-0.33955948611091813
-0.31918158096550187
-0.26823681810196476
-0.22748100781113223
-0.1969141500930114
-0.20710310266571597
-0.23766996038384036
-0.2478589129565485
-0.26823681810196476
-0.28861472324737747
-0.2784257706746729
-0.26823681810196476
-0.2478589129565485
-0.23766996038384036
-0.23766996038384036
-0.2580478655292566
-0.2478589129565485
-0.2478589129565485
-0.26823681810196476
-0.26823681810196476
-0.28861472324737747
-0.28861472324737747
-0.26823681810196476
-0.26823681810196476
-0.2580478655292566
-0.2478589129565485
-0.2172920552384241
-0.18672519752030325
-0.166347292374887
-0.15615833980217886
-0.14596938722947073
-0.11540252951134988
-0.10521357693864175
-0.10521357693864175
-0.11540252951134988
-0.12559148208405801
-0.14596938722947073
-0.14596938722947073
-0.1357804346567626
-0.14596938722947073
-0.14596938722947073
-0.14596938722947073
-0.14596938722947073
-0.14596938722947073
-0.1357804346567626
-0.1357804346567626
-0.14596938722947073
-0.1357804346567626
-0.14596938722947073
-0.166347292374887
-0.166347292374887
-0.18672519752030325
-0.2172920552384241
-0.23766996038384036
-0.2478589129565485
-0.2784257706746729
-0.2784257706746729
-0.2988036758200856
-0.30899262839279373
-0.32937053353821
-0.32937053353821
-0.35993739125633084
-0.3803152964017471
-0.39050424897445524
-0.40069320154716337
-0.43126005926528777
-0.44144901183799234
-0.4516379644107005
-0.4618269169834086
-0.47201586955611674
-0.47201586955611674
-0.4822048221288249
-0.492393774701533
-0.5433385375650701
-0.5229606324196538
-0.533149584992362
-0.5535274901377782
-0.5535274901377782
-0.5637164427104864
-0.6248501581467316
-0.6656059684375606
-0.6859838735829769
-0.6859838735829769
-0.6757949210102687
-0.6656059684375606
-0.655417015864856
-0.6656059684375606
-0.696172826155685
-0.7369286364465175
-0.7980623518827628
-0.8388181621735917
-0.8693850198917161
-0.8897629250371324
-0.9101408301825451
-0.9101408301825451
-0.9101408301825451
-0.9305187353279614
-0.9610855930460858
-0.9610855930460858
-1.0018414033369147
-1.0018414033369147
-1.0527861662004518
-1.1037309290639925
-1.1750535970729459
-1.225998359936483
-1.2871320753727282
-1.3176989330908526
-1.3278878856635608
-1.3176989330908526
-1.3075099805181445
-1.3176989330908526
-1.3176989330908526
-1.3075099805181445
-1.3278878856635608
-1.3584547433816816
-1.3992105536725141
-1.4093995062452223
-1.4501553165360512
-1.4807221742541756
-1.5316669371177127
-1.5418558896904209
-1.552044842263129
-1.5316669371177127
-1.5418558896904209
-1.5316669371177127
-1.5418558896904209
-1.552044842263129
-1.5622337948358371
-1.5826116999812498
-1.602989605126666
-1.6335564628447905
-1.6335564628447905
-1.6437454154174986
-1.6539343679902068
-1.6437454154174986
-1.6539343679902068
-1.6437454154174986
-1.6539343679902068
-1.6437454154174986
-1.6335564628447905
-1.6437454154174986
-1.6437454154174986
-1.6335564628447905
-1.602989605126666
-1.5724227474085453
-1.552044842263129
-1.5418558896904209
-1.5316669371177127
-1.501100079399592
-1.4705332216814675
-1.4501553165360512
-1.4195884588179304
-1.3992105536725141
-1.4093995062452223
-1.389021601099806
-1.348265790808977
-1.3278878856635608
-1.3176989330908526
-1.3176989330908526
-1.3686436959543897
-1.4195884588179304
-1.4705332216814675
-1.4705332216814675
-1.4501553165360512
-1.4093995062452223
-1.3686436959543897
-1.3278878856635608
-1.3176989330908526
-1.3278878856635608
-1.348265790808977
-1.3380768382362689
-1.3380768382362689
-1.3176989330908526
-1.3075099805181445
-1.2973210279454364
-1.2667541702273155
-1.2463762650818992
-1.2361873125091911
-1.2158094073637749
-1.2158094073637749
-1.2056204547910667
-1.185242549645654
-1.1444867393548215
-1.1241088342094052
-1.0935419764912844
-1.06297511877316
-1.022219308482331
-0.9712745456187903
-0.9101408301825451
-0.8490071147462999
-0.7674954941646384
-0.696172826155685
-0.655417015864856
-0.6146612055740235
-0.5840943478559026
-0.5535274901377782
-0.5433385375650701
-0.5637164427104864
-0.5535274901377782
-0.5535274901377782
-0.5433385375650701
-0.5229606324196538
-0.5025827272742411
-0.492393774701533
-0.47201586955611674
-0.4618269169834086
-0.42107110669257963
-0.40069320154716337
-0.3803152964017471
-0.3803152964017471
-0.34974843868362626
-0.34974843868362626
-0.33955948611091813
-0.33955948611091813
-0.32937053353821
-0.32937053353821
-0.32937053353821
-0.2988036758200856
-0.26823681810196476
-0.22748100781113223
-0.15615833980217886
-0.09502462436593362
-0.013513003784272115
0.047620711651973124
0.1189433796609265
0.16988814252446716
0.2310218579607124
0.29215557339695764
0.37366719397861914
0.4653677671329888
0.5468793877146503
0.6182020557236036
0.689524723732557
0.8016032020323394
0.8831148226140009
0.934059585477538
0.9544374906229542
0.9136816803321217
0.8933037751867126
0.8933037751867126
0.9544374906229542
1.0053822534864914
1.0868938740681564
1.1684054946498144
1.2295392100860632
1.2295392100860632
1.260106067804184
1.2702950203768957
1.2702950203768957
1.2499171152314794
1.260106067804184
1.2702950203768957
1.2804839729496003
1.2804839729496003
1.2906729255223048
1.2804839729496003
1.2702950203768957
1.260106067804184
1.260106067804184
1.2702950203768957
1.2804839729496003
1.2397281626587677
1.2295392100860632
1.1989723523679423
1.1887833997952306
1.2091613049406469
1.2397281626587677
1.2702950203768957
1.2804839729496003
1.2702950203768957
1.2804839729496003
1.2702950203768957
1.2702950203768957
1.2804839729496003
1.260106067804184
1.2397281626587677
1.2295392100860632
1.2193502575133515
1.1989723523679423
1.178594447222526
1.178594447222526
1.1582165420771098
1.1378386369316935
1.1174607317862773
1.1174607317862773
1.0868938740681564
1.0767049214954447
1.0563270163500356
1.0665159689227401
1.0359491112046193
1.0053822534864914
0.9850043483410751
0.9748153957683705
0.9442485380502497
0.9238706329048334
0.9238706329048334
0.9136816803321217
0.9034927277594171
0.9136816803321217
0.9136816803321217
0.8831148226140009
0.8627369174685882
0.85254796489588
0.8321700597504638
0.8423590123231719
0.8321700597504638
0.8219811071777556
0.8219811071777556
0.8627369174685882
0.8933037751867126
0.8831148226140009
0.8729258700412927
0.8423590123231719
0.7914142494596348
0.7914142494596348
0.8117921546050475
0.8219811071777556
0.8219811071777556
0.8321700597504638
0.8117921546050475
0.7914142494596348
0.7710363443142185
0.7710363443142185
0.7506584391688023
0.7608473917415104
0.7404694865960941
0.7404694865960941
0.7404694865960941
0.730280534023386
0.6997136763052652
0.689524723732557
0.689524723732557
0.689524723732557
0.6793357711598489
0.6691468185871408
0.6385799608690199
0.6283910082963118
0.6385799608690199
0.6487689134417245
0.6385799608690199
0.6487689134417245
0.6385799608690199
0.6589578660144326
0.6487689134417245
0.6487689134417245
0.6487689134417245
0.6182020557236036
0.6080131031508955
0.5876351980054793
0.5774462454327711
0.5468793877146503
0.526501482569234
0.5061235774238177
0.4959346248511096
0.4959346248511096
0.4653677671329888
0.4348009094148644
0.42461195684215625
0.40423405169674353
0.37366719397861914
0.363478241405911
0.34310033626049474
0.32272243111508203
0.3125334785423739
0.30234452596966577
0.30234452596966577
0.2819666208242495
0.2819666208242495
0.27177766825154137
0.25139976310612866
0.25139976310612866
0.2310218579607124
0.24121081053342053
0.21064395281529613
0.21064395281529613
0.19026604766987987
0.18007709509717174
0.18007709509717174
0.16988814252446716
0.15969918995175902
0.1495102373790509
0.12913233223363463
0.1189433796609265
0.09856547451551378
0.09856547451551378
0.09856547451551378
0.10875442708821836
0.10875442708821836
0.1189433796609265
0.10875442708821836
0.08837652194280565
0.057809664224681256
0.047620711651973124
0.03743175907926499
0.02724280650655686
0.01705385393385228
0.01705385393385228
0.01705385393385228
0.01705385393385228
0.006864901361144149
-0.003324051211563983
0.006864901361144149
-0.013513003784272115
-0.023701956356980247
-0.03389090892968838
-0.04407986150239651
-0.05426881407510109
-0.06445776664780922
-0.07464671922051735
-0.08483567179322549
-0.07464671922051735
-0.07464671922051735
-0.05426881407510109
-0.05426881407510109
-0.04407986150239651
-0.04407986150239651
-0.05426881407510109
-0.07464671922051735
-0.08483567179322549
-0.10521357693864175
-0.10521357693864175
-0.11540252951134988
-0.12559148208405801
-0.12559148208405801
-0.10521357693864175
-0.09502462436593362
-0.08483567179322549
-0.09502462436593362
-0.09502462436593362
-0.09502462436593362
-0.07464671922051735
-0.08483567179322549
-0.08483567179322549
-0.09502462436593362
-0.10521357693864175
-0.11540252951134988
-0.12559148208405801
-0.166347292374887
-0.18672519752030325
-0.20710310266571597
-0.2172920552384241
-0.1969141500930114
-0.1969141500930114
-0.1969141500930114
-0.1969141500930114
-0.18672519752030325
-0.17653624494759512
-0.166347292374887
-0.18672519752030325
-0.17653624494759512
-0.18672519752030325
-0.18672519752030325
-0.166347292374887
-0.166347292374887
-0.15615833980217886
-0.15615833980217886
-0.14596938722947073
-0.14596938722947073
-0.12559148208405801
-0.12559148208405801
-0.12559148208405801
-0.1357804346567626
-0.15615833980217886
-0.14596938722947073
-0.12559148208405801
-0.11540252951134988
-0.10521357693864175
-0.09502462436593362
-0.08483567179322549
-0.08483567179322549
-0.09502462436593362
-0.10521357693864175
-0.09502462436593362
-0.09502462436593362
-0.09502462436593362
-0.09502462436593362
-0.09502462436593362
-0.08483567179322549
-0.08483567179322549
-0.07464671922051735
-0.08483567179322549
-0.07464671922051735
-0.07464671922051735
-0.08483567179322549
-0.08483567179322549
-0.08483567179322549
-0.07464671922051735
-0.07464671922051735
-0.07464671922051735
-0.09502462436593362
-0.11540252951134988
-0.1357804346567626
-0.11540252951134988
-0.10521357693864175
-0.10521357693864175
-0.09502462436593362
-0.10521357693864175
-0.09502462436593362
-0.09502462436593362
-0.09502462436593362
-0.08483567179322549
-0.09502462436593362
-0.09502462436593362
-0.10521357693864175
-0.09502462436593362
-0.08483567179322549
-0.08483567179322549
-0.11540252951134988
-0.12559148208405801
-0.10521357693864175
-0.11540252951134988
-0.11540252951134988
-0.11540252951134988
-0.11540252951134988
-0.11540252951134988
-0.10521357693864175
-0.10521357693864175
-0.11540252951134988
-0.12559148208405801
-0.1357804346567626
-0.1357804346567626
-0.14596938722947073
-0.15615833980217886
-0.17653624494759512
-0.166347292374887
-0.15615833980217886
-0.15615833980217886
-0.17653624494759512
-0.18672519752030325
-0.20710310266571597
-0.20710310266571597
-0.20710310266571597
-0.2172920552384241
-0.2172920552384241
-0.1969141500930114
-0.1969141500930114
-0.18672519752030325
-0.18672519752030325
-0.18672519752030325
-0.1969141500930114
-0.2172920552384241
-0.2172920552384241
-0.23766996038384036
-0.2478589129565485
-0.23766996038384036
-0.22748100781113223
-0.17653624494759512
-0.166347292374887
-0.17653624494759512
-0.18672519752030325
-0.1969141500930114
-0.20710310266571597
-0.20710310266571597
-0.18672519752030325
-0.166347292374887
-0.1357804346567626
-0.12559148208405801
-0.11540252951134988
-0.10521357693864175
-0.07464671922051735
-0.05426881407510109
-0.023701956356980247
-0.003324051211563983
-0.003324051211563983
0.006864901361144149
0.01705385393385228
0.02724280650655686
0.03743175907926499
0.006864901361144149
-0.003324051211563983
-0.003324051211563983
0.006864901361144149
0.006864901361144149
0.006864901361144149
0.006864901361144149
0.006864901361144149
0.006864901361144149
-0.003324051211563983
-0.013513003784272115
-0.013513003784272115
-0.003324051211563983
0.006864901361144149
-0.003324051211563983
0.006864901361144149
0.006864901361144149
0.01705385393385228
0.01705385393385228
0.02724280650655686
-0.003324051211563983
0.006864901361144149
0.03743175907926499
0.047620711651973124
0.047620711651973124
0.057809664224681256
0.057809664224681256
0.06799861679738939
0.07818756937009752
0.09856547451551378
0.09856547451551378
0.1189433796609265
0.1189433796609265
0.12913233223363463
0.13932128480634276
0.15969918995175902
0.16988814252446716
0.16988814252446716
0.1495102373790509
0.16988814252446716
0.19026604766987987
0.19026604766987987
0.200455000242588
0.200455000242588
0.21064395281529613
0.21064395281529613
0.2310218579607124
0.24121081053342053
0.24121081053342053
0.2310218579607124
0.2310218579607124
0.24121081053342053
0.24121081053342053
0.22083290538800426
0.21064395281529613
0.200455000242588
0.200455000242588
0.200455000242588
0.200455000242588
0.200455000242588
0.19026604766987987
0.21064395281529613
0.200455000242588
0.19026604766987987
0.18007709509717174
0.16988814252446716
0.18007709509717174
0.19026604766987987
0.21064395281529613
0.21064395281529613
0.200455000242588
0.19026604766987987
0.18007709509717174
0.16988814252446716
0.16988814252446716
0.15969918995175902
0.16988814252446716
0.19026604766987987
0.16988814252446716
0.15969918995175902
0.13932128480634276
0.1189433796609265
0.10875442708821836
0.08837652194280565
0.06799861679738939
0.06799861679738939
0.06799861679738939
0.047620711651973124
0.03743175907926499
0.02724280650655686
0.02724280650655686
0.006864901361144149
-0.013513003784272115
-0.023701956356980247
-0.04407986150239651
-0.06445776664780922
-0.10521357693864175
-0.11540252951134988
-0.10521357693864175
-0.11540252951134988
-0.12559148208405801
-0.14596938722947073
-0.15615833980217886
-0.17653624494759512
-0.1969141500930114
-0.1969141500930114
-0.18672519752030325
-0.17653624494759512
-0.17653624494759512
-0.166347292374887
-0.17653624494759512
-0.166347292374887
-0.166347292374887
-0.166347292374887
-0.17653624494759512
-0.18672519752030325
-0.1969141500930114
-0.1969141500930114
-0.1969141500930114
-0.15615833980217886
-0.1357804346567626
-0.11540252951134988
-0.11540252951134988
-0.09502462436593362
-0.10521357693864175
-0.08483567179322549
-0.07464671922051735
-0.06445776664780922
-0.04407986150239651
-0.03389090892968838
-0.023701956356980247
-0.003324051211563983
0.006864901361144149
0.02724280650655686
0.03743175907926499
0.047620711651973124
0.047620711651973124
0.07818756937009752
0.07818756937009752
0.08837652194280565
0.10875442708821836
0.1189433796609265
0.12913233223363463
0.13932128480634276
0.1495102373790509
0.15969918995175902
0.15969918995175902
0.16988814252446716
0.16988814252446716
0.22083290538800426
0.24121081053342053
0.27177766825154137
0.29215557339695764
0.30234452596966577
0.30234452596966577
0.2819666208242495
0.26158871567883324
0.26158871567883324
0.26158871567883324
0.27177766825154137
0.29215557339695764
0.30234452596966577
0.3125334785423739
0.3125334785423739
0.30234452596966577
0.30234452596966577
0.2819666208242495
0.29215557339695764
0.29215557339695764
0.30234452596966577
0.30234452596966577
0.29215557339695764
0.29215557339695764
0.29215557339695764
0.2819666208242495
0.2819666208242495
0.27177766825154137
0.27177766825154137
0.26158871567883324
0.26158871567883324
0.24121081053342053
0.2310218579607124
0.22083290538800426
0.2310218579607124
0.22083290538800426
0.2310218579607124
0.24121081053342053
0.26158871567883324
0.26158871567883324
0.25139976310612866
0.22083290538800426
0.2310218579607124
0.21064395281529613
0.22083290538800426
0.21064395281529613
0.19026604766987987
0.16988814252446716
0.15969918995175902
0.1495102373790509
0.13932128480634276
0.10875442708821836
0.1189433796609265
0.10875442708821836
0.12913233223363463
0.12913233223363463
0.1495102373790509
0.12913233223363463
0.12913233223363463
0.1189433796609265
0.12913233223363463
0.1189433796609265
0.1189433796609265
0.10875442708821836
0.10875442708821836
0.09856547451551378
0.09856547451551378
0.08837652194280565
0.07818756937009752
0.057809664224681256
0.057809664224681256
0.047620711651973124
0.047620711651973124
0.02724280650655686
0.02724280650655686
0.01705385393385228
0.006864901361144149
0.01705385393385228
0.02724280650655686
0.02724280650655686
0.02724280650655686
0.047620711651973124
